              precision    recall  f1-score   support

           A       1.00      1.00      1.00       800
           B       1.00      1.00      1.00       800
           C       1.00      1.00      1.00       800
           D       1.00      1.00      1.00       800
           E       1.00      1.00      1.00       800
           F       1.00      1.00      1.00       800
           G       1.00      1.00      1.00       800
           H       1.00      1.00      1.00       800
           I       1.00      1.00      1.00       800
           J       1.00      1.00      1.00       800
           K       1.00      1.00      1.00       800
           L       1.00      1.00      1.00       800
           M       1.00      1.00      1.00       800
           N       1.00      1.00      1.00       800
           O       1.00      1.00      1.00       800
           P       1.00      1.00      1.00       800
           Q       1.00      1.00      1.00       800
           R       1.00      1.00      1.00       800
           S       1.00      1.00      1.00       800
           T       1.00      1.00      1.00       800
           U       1.00      1.00      1.00       800
           V       1.00      1.00      1.00       800
           W       1.00      1.00      1.00       800
           X       1.00      1.00      1.00       800
           Y       1.00      1.00      1.00       800
           Z       1.00      1.00      1.00       800
       space       1.00      1.00      1.00       800
         del       1.00      1.00      1.00       800
     nothing       1.00      1.00      1.00       800

    accuracy                           1.00     23200
   macro avg       1.00      1.00      1.00     23200
weighted avg       1.00      1.00      1.00     23200
